Date,Time,Open,High,Low,Close,Volume,OpenInt
2017-11-17,15:35:00,325.67,326.67,322,322.034,642984,0
2017-11-17,15:40:00,322.45,323.19,320.22,321.43,414726,0
2017-11-17,15:45:00,321.3281,323.12,320.84,322.75,278573,0
2017-11-17,15:50:00,322.7989,322.88,319.19,320.82,315522,0
2017-11-17,15:55:00,320.81,322.25,320.2,321.36,156628,0
2017-11-17,16:00:00,321.64,322.09,319.57,319.8599,207009,0
2017-11-17,16:05:00,319.82,320.35,318.205,318.5567,344824,0
2017-11-17,16:10:00,318.5619,319.2,317.69,319.0659,259537,0
2017-11-17,16:15:00,319.15,319.9779,318.84,318.954,174873,0
2017-11-17,16:20:00,318.93,319.92,318.55,318.7672,140017,0
2017-11-17,16:25:00,318.7,318.7,316,317.632,283417,0
2017-11-17,16:30:00,317.6179,317.7,316.4,316.5,154974,0
2017-11-17,16:35:00,316.5861,316.99,314.83,315.708,243610,0
2017-11-17,16:40:00,315.675,316.14,313.89,314.084,233058,0
2017-11-17,16:45:00,314.075,316.2295,314.0175,315.4589,218347,0
2017-11-17,16:50:00,315.45,315.94,313.15,313.779,166801,0
2017-11-17,16:55:00,313.8,314.82,313.66,314.4066,160368,0
2017-11-17,17:00:00,314.3838,315.12,314.24,314.8,111584,0
2017-11-17,17:05:00,314.8,320.01,314.72,318.445,649706,0
2017-11-17,17:10:00,318.21,321.11,317.36,318.001,469502,0
2017-11-17,17:15:00,318.1961,318.49,316,317.73,275316,0
2017-11-17,17:20:00,317.8856,318.3,316.3287,317.3573,138305,0
2017-11-17,17:25:00,317.39,319,316.88,318.365,176345,0
2017-11-17,17:30:00,318.42,319.32,317.73,317.74,141686,0
2017-11-17,17:35:00,317.8256,317.88,317.0003,317.5182,76183,0
2017-11-17,17:40:00,317.52,317.5245,315.75,316.735,199762,0
2017-11-17,17:45:00,316.8499,317.9,316.5,317.3522,105612,0
2017-11-17,17:50:00,317.2747,317.6,315.77,316.06,120261,0
2017-11-17,17:55:00,316.3,316.71,315,316.05,167016,0
2017-11-17,18:00:00,316.28,316.8,315.81,316.69,75206,0
2017-11-17,18:05:00,316.5581,316.69,315.5,315.555,65319,0
2017-11-17,18:10:00,315.6414,316.74,315.64,316.2355,55606,0
2017-11-17,18:15:00,316.32,316.41,315.7,315.77,42240,0
2017-11-17,18:20:00,315.7665,316.03,315.2,315.21,66528,0
2017-11-17,18:25:00,315.225,315.64,315.14,315.51,59394,0
2017-11-17,18:30:00,315.54,316.11,315.18,315.41,68419,0
2017-11-17,18:35:00,315.4682,315.47,314.6,314.6803,87071,0
2017-11-17,18:40:00,314.62,315.1,314.4,314.61,91432,0
2017-11-17,18:45:00,314.6225,315.433,314.56,314.96,62575,0
2017-11-17,18:50:00,314.9,314.96,314.5501,314.84,43676,0
2017-11-17,18:55:00,314.848,315.1699,314.8,314.89,53434,0
2017-11-17,19:00:00,314.88,315.8,314.81,315.425,77411,0
2017-11-17,19:05:00,315.41,316.4299,315.2198,315.982,76312,0
2017-11-17,19:10:00,316.07,316.1383,315.53,315.7,41814,0
2017-11-17,19:15:00,315.625,316.23,315.625,315.765,45125,0
2017-11-17,19:20:00,315.765,315.85,315.001,315.52,53649,0
2017-11-17,19:25:00,315.63,315.71,315.17,315.2638,47204,0
2017-11-17,19:30:00,315.2,315.85,315.16,315.6381,40266,0
2017-11-17,19:35:00,315.6,315.68,315.33,315.47,24778,0
2017-11-17,19:40:00,315.48,316.24,315.3,316.0996,58783,0
2017-11-17,19:45:00,316.055,316.76,316.0068,316.49,80742,0
2017-11-17,19:50:00,316.535,316.75,316.26,316.471,55386,0
2017-11-17,19:55:00,316.39,316.4609,315.655,315.84,49192,0
2017-11-17,20:00:00,315.84,316.15,315.6,316.07,32593,0
2017-11-17,20:05:00,316.18,316.65,316.021,316.5933,34145,0
2017-11-17,20:10:00,316.605,318.2,316.53,318.015,132937,0
2017-11-17,20:15:00,318.14,318.23,316.55,316.64,101725,0
2017-11-17,20:20:00,316.7109,317.03,316.37,316.6524,87014,0
2017-11-17,20:25:00,316.65,317.52,316.636,317.21,78201,0
2017-11-17,20:30:00,317.21,317.72,317.1383,317.5497,49071,0
2017-11-17,20:35:00,317.62,318.25,317.52,318.0111,83993,0
2017-11-17,20:40:00,318.02,318.4,317.5201,317.6399,73429,0
2017-11-17,20:45:00,317.6445,318.1184,317.6425,318.0725,51479,0
2017-11-17,20:50:00,318,319,317.7105,318.3,80919,0
2017-11-17,20:55:00,318.29,318.75,318,318.23,55575,0
2017-11-17,21:00:00,318.26,318.3,316.6,316.8127,101242,0
2017-11-17,21:05:00,316.85,317.19,316.6,316.955,61274,0
2017-11-17,21:10:00,316.95,317.25,316.64,316.65,43581,0
2017-11-17,21:15:00,316.67,317.05,316.31,316.4,67909,0
2017-11-17,21:20:00,316.31,316.39,315.48,316.0175,93789,0
2017-11-17,21:25:00,315.98,316.17,315.715,315.9927,50457,0
2017-11-17,21:30:00,316.06,316.51,315.9,316.12,42928,0
2017-11-17,21:35:00,316.06,316.58,315.945,316.23,43156,0
2017-11-17,21:40:00,316.2178,316.3215,315.71,315.94,54982,0
2017-11-17,21:45:00,315.94,316.85,315.8601,316.3,116363,0
2017-11-17,21:50:00,316.22,316.27,315.47,315.6153,89200,0
2017-11-17,21:55:00,315.68,316.3,313.99,314.3,265040,0
2017-11-17,22:00:00,314.3,315.1,314.22,315.05,384820,0
2017-11-20,15:35:00,313.79,315.5,311,313.0219,309216,0
2017-11-20,15:40:00,312.8,313.15,311.8,312.3218,115800,0
2017-11-20,15:45:00,312.4052,312.4052,310.22,310.6528,203029,0
2017-11-20,15:50:00,310.655,310.9943,309,309.2463,194274,0
2017-11-20,15:55:00,309.0401,309.42,307.55,308.5216,199047,0
2017-11-20,16:00:00,308.4414,310.92,308.3787,309.692,194581,0
2017-11-20,16:05:00,309.7174,309.87,308.29,308.3824,144429,0
2017-11-20,16:10:00,308.29,308.44,307.5,307.98,198495,0
2017-11-20,16:15:00,307.88,307.88,306.8,307.035,206569,0
2017-11-20,16:20:00,307.05,307.05,305.7,306.35,171703,0
2017-11-20,16:25:00,306.38,307.02,305.86,306.7227,168408,0
2017-11-20,16:30:00,306.74,307.32,305.24,305.622,220970,0
2017-11-20,16:35:00,305.5,306.79,305.31,306.34,132757,0
2017-11-20,16:40:00,306.34,306.85,305.86,306.5,83974,0
2017-11-20,16:45:00,306.5,306.5,305.46,306.125,87297,0
2017-11-20,16:50:00,306.05,306.22,305.45,305.9124,61053,0
2017-11-20,16:55:00,305.9,307.17,305.62,307,91060,0
2017-11-20,17:00:00,306.93,307.56,306.43,307.35,101243,0
2017-11-20,17:05:00,307.446,307.97,306.94,307.95,134013,0
2017-11-20,17:10:00,307.8548,307.8945,306.95,307.648,62918,0
2017-11-20,17:15:00,307.68,308.07,307.15,307.2799,70912,0
2017-11-20,17:20:00,307.31,307.3672,306.15,306.4417,48529,0
2017-11-20,17:25:00,306.58,307.09,306.49,306.65,47568,0
2017-11-20,17:30:00,306.6596,306.68,305.7,305.8384,81095,0
2017-11-20,17:35:00,305.88,306.22,305.53,305.82,59220,0
2017-11-20,17:40:00,305.84,306.23,305.56,305.88,65176,0
2017-11-20,17:45:00,305.88,306.49,305.75,306.37,76911,0
2017-11-20,17:50:00,306.5,306.94,306.24,306.79,49954,0
2017-11-20,17:55:00,306.8,307,306.52,306.99,56558,0
2017-11-20,18:00:00,306.966,307,306.53,306.7,56559,0
2017-11-20,18:05:00,306.6976,306.86,306.33,306.85,47696,0
2017-11-20,18:10:00,306.77,306.7899,306.29,306.46,38270,0
2017-11-20,18:15:00,306.51,306.8036,306.51,306.65,38284,0
2017-11-20,18:20:00,306.551,306.6459,305.8,305.93,106869,0
2017-11-20,18:25:00,305.8,306,305,305.0853,124011,0
2017-11-20,18:30:00,305.01,305.46,305,305.1,85516,0
2017-11-20,18:35:00,305.166,305.42,305.05,305.3326,36885,0
2017-11-20,18:40:00,305.38,305.7498,305.25,305.59,46336,0
2017-11-20,18:45:00,305.56,305.67,305.1,305.6038,37027,0
2017-11-20,18:50:00,305.56,305.6102,304.75,305.26,124337,0
2017-11-20,18:55:00,305.25,306.3,305.18,306.2357,72364,0
2017-11-20,19:00:00,306.2363,306.48,305.71,306.3375,56011,0
2017-11-20,19:05:00,306.4,306.4075,305.59,305.66,40954,0
2017-11-20,19:10:00,305.6,305.98,305.37,305.8865,34251,0
2017-11-20,19:15:00,305.84,307,305.84,307,80985,0
2017-11-20,19:20:00,307,308.04,306.66,307.84,118515,0
2017-11-20,19:25:00,307.79,307.955,307.3239,307.6,88066,0
2017-11-20,19:30:00,307.5,307.6599,307.09,307.4,42838,0
2017-11-20,19:35:00,307.4004,307.4825,307.02,307.1,29225,0
2017-11-20,19:40:00,307.1,307.5,307.1,307.35,31328,0
2017-11-20,19:45:00,307.35,307.36,306.66,307.0796,44384,0
2017-11-20,19:50:00,307.0697,307.5989,306.94,307.565,36951,0
2017-11-20,19:55:00,307.59,307.78,307.04,307.1154,46043,0
2017-11-20,20:00:00,307.07,307.57,307.07,307.1,19893,0
2017-11-20,20:05:00,307.18,307.21,306.57,306.6781,25431,0
2017-11-20,20:10:00,306.7494,307.1413,306.6625,307.12,45634,0
2017-11-20,20:15:00,307.12,307.86,307.12,307.581,70051,0
2017-11-20,20:20:00,307.574,308.42,307.574,308.41,91769,0
2017-11-20,20:25:00,308.4453,309,307.95,308.0712,118742,0
2017-11-20,20:30:00,308.0764,308.78,308.04,308.1139,53766,0
2017-11-20,20:35:00,308.06,308.58,307.757,308.2875,42648,0
2017-11-20,20:40:00,308.21,308.664,308.02,308.6,43751,0
2017-11-20,20:45:00,308.61,308.65,308.08,308.086,31741,0
2017-11-20,20:50:00,308.1786,308.59,308.155,308.4197,60703,0
2017-11-20,20:55:00,308.45,309.08,308.34,308.7804,95677,0
2017-11-20,21:00:00,308.73,309.309,308.55,308.86,77748,0
2017-11-20,21:05:00,308.94,309.08,308.54,308.7175,56041,0
2017-11-20,21:10:00,308.76,309.19,308.76,309.035,69356,0
2017-11-20,21:15:00,309.03,309.07,308.564,308.8163,69880,0
2017-11-20,21:20:00,308.78,309.008,308.641,308.9054,38733,0
2017-11-20,21:25:00,308.95,309.25,308.9,309.189,34583,0
2017-11-20,21:30:00,309.1428,309.65,309.05,309.4,78351,0
2017-11-20,21:35:00,309.4,309.6,308.38,308.6175,68357,0
2017-11-20,21:40:00,308.5972,308.86,308.22,308.83,62087,0
2017-11-20,21:45:00,308.79,309,308.3,308.31,85651,0
2017-11-20,21:50:00,308.39,308.98,308.35,308.75,75374,0
2017-11-20,21:55:00,308.79,308.97,308.51,308.57,78689,0
2017-11-20,22:00:00,308.56,309.06,308.38,308.74,253300,0
2017-11-21,15:35:00,310.86,312.5,310,311.53,285216,0
2017-11-21,15:40:00,311.5403,311.5403,308.71,309.94,198393,0
2017-11-21,15:45:00,309.8047,311.88,309.62,311.5,136559,0
2017-11-21,15:50:00,311.2912,312,310.6,310.63,114406,0
2017-11-21,15:55:00,310.69,311.445,310.25,310.3642,107264,0
2017-11-21,16:00:00,310.369,311.93,310.2411,311.8001,135534,0
2017-11-21,16:05:00,311.885,314.87,311.83,314.08,293055,0
2017-11-21,16:10:00,314.22,314.22,313.0584,313.5,99764,0
2017-11-21,16:15:00,313.5,315.05,313.3695,314.26,158321,0
2017-11-21,16:20:00,314.2,314.47,313.15,313.875,88456,0
2017-11-21,16:25:00,313.862,313.862,312.48,312.8045,95792,0
2017-11-21,16:30:00,312.8397,313.9799,312.5601,313.35,78163,0
2017-11-21,16:35:00,313.49,313.85,313.2124,313.83,73056,0
2017-11-21,16:40:00,313.86,315,313.7147,315,160445,0
2017-11-21,16:45:00,314.99,315.33,314.151,314.34,118992,0
2017-11-21,16:50:00,314.2,314.75,313.811,314.081,65548,0
2017-11-21,16:55:00,314.1474,314.88,313.55,314.5093,51785,0
2017-11-21,17:00:00,314.58,314.9,314.26,314.6,49903,0
2017-11-21,17:05:00,314.66,315.34,313.671,313.671,76093,0
2017-11-21,17:10:00,313.826,314.15,313.3534,313.9,65193,0
2017-11-21,17:15:00,313.89,314.3,313.75,313.94,39000,0
2017-11-21,17:20:00,314,314.6,313.83,314.34,48026,0
2017-11-21,17:25:00,314.3972,314.8558,314.25,314.56,52641,0
2017-11-21,17:30:00,314.4522,314.586,313.9,314.17,37884,0
2017-11-21,17:35:00,314.18,314.63,314.1399,314.5008,33055,0
2017-11-21,17:40:00,314.4734,315.12,314.4213,314.58,71862,0
2017-11-21,17:45:00,314.5098,314.6932,314.165,314.5,60119,0
2017-11-21,17:50:00,314.5,315,314.45,314.87,37852,0
2017-11-21,17:55:00,314.92,315.15,314.68,315.0875,37224,0
2017-11-21,18:00:00,315.1267,316.04,315.11,315.125,144260,0
2017-11-21,18:05:00,315.236,315.9,315.236,315.62,49398,0
2017-11-21,18:10:00,315.73,316.33,315.51,315.9025,90760,0
2017-11-21,18:15:00,315.8601,316.38,315.3381,316.21,85984,0
2017-11-21,18:20:00,316.1196,317.05,315.97,316.8864,130530,0
2017-11-21,18:25:00,316.82,317.57,316.5437,317.28,123635,0
2017-11-21,18:30:00,317.2575,317.3599,316.35,316.7,123920,0
2017-11-21,18:35:00,316.6178,316.88,316.05,316.3827,70237,0
2017-11-21,18:40:00,316.42,317,316.42,316.95,72021,0
2017-11-21,18:45:00,316.79,317.28,316.55,316.5653,77317,0
2017-11-21,18:50:00,316.5,316.73,316,316.4755,69670,0
2017-11-21,18:55:00,316.5653,316.65,315.81,315.915,48546,0
2017-11-21,19:00:00,315.92,316.69,315.92,316.57,55607,0
2017-11-21,19:05:00,316.56,316.9606,316.45,316.9,49571,0
2017-11-21,19:10:00,316.9471,317.06,316.33,316.55,46554,0
2017-11-21,19:15:00,316.5999,317.4079,316.46,317.2468,61367,0
2017-11-21,19:20:00,317.3225,317.71,317.2427,317.71,90562,0
2017-11-21,19:25:00,317.7045,317.8,317.5,317.5463,51433,0
2017-11-21,19:30:00,317.5625,317.74,317.26,317.74,31163,0
2017-11-21,19:35:00,317.75,318.23,317.75,317.9,110439,0
2017-11-21,19:40:00,317.9,317.9854,317.59,317.675,45636,0
2017-11-21,19:45:00,317.72,318.15,317.705,317.94,47473,0
2017-11-21,19:50:00,317.87,317.95,317.36,317.64,68554,0
2017-11-21,19:55:00,317.5722,317.77,317.5,317.6546,35252,0
2017-11-21,20:00:00,317.63,317.82,317.42,317.52,17956,0
2017-11-21,20:05:00,317.4882,317.54,316.88,316.9653,46049,0
2017-11-21,20:10:00,317.05,317.25,316.63,316.735,33636,0
2017-11-21,20:15:00,316.72,317.31,316.6923,317.3,33465,0
2017-11-21,20:20:00,317.3,317.54,317.021,317.21,28163,0
2017-11-21,20:25:00,317.25,317.45,317.05,317.16,28740,0
2017-11-21,20:30:00,317.05,317.25,316.81,317.12,35656,0
2017-11-21,20:35:00,317.085,317.249,316.325,316.75,29371,0
2017-11-21,20:40:00,316.649,316.679,316.175,316.56,44817,0
2017-11-21,20:45:00,316.51,316.6858,316.2,316.2,29517,0
2017-11-21,20:50:00,316.2228,316.35,315.8599,315.91,50913,0
2017-11-21,20:55:00,315.9,316.03,315.39,315.8416,47218,0
2017-11-21,21:00:00,315.8242,316.32,315.795,316.15,26694,0
2017-11-21,21:05:00,316.16,316.17,315.8,315.8,20380,0
2017-11-21,21:10:00,315.86,316.6,315.745,316.6,27979,0
2017-11-21,21:15:00,316.58,316.92,316.504,316.77,44264,0
2017-11-21,21:20:00,316.8,317.24,316.61,317.18,46241,0
2017-11-21,21:25:00,317.19,317.19,316.895,316.99,30592,0
2017-11-21,21:30:00,317.035,317.0353,316.69,316.79,34781,0
2017-11-21,21:35:00,316.8376,317,316.6501,316.73,42435,0
2017-11-21,21:40:00,316.795,316.98,316.69,316.69,38884,0
2017-11-21,21:45:00,316.79,317.56,316.71,317.49,95922,0
2017-11-21,21:50:00,317.5212,317.69,317.33,317.5,83124,0
2017-11-21,21:55:00,317.5,317.95,317.44,317.88,140562,0
2017-11-21,22:00:00,317.855,318.04,317.64,317.81,299417,0
2017-11-22,15:35:00,316.77,317.42,315.656,316.02,174769,0
2017-11-22,15:40:00,316.04,316.2699,314.91,315.77,126091,0
2017-11-22,15:45:00,315.52,315.7,314.03,314.4,190272,0
2017-11-22,15:50:00,314.8599,315.5879,314.17,314.98,111294,0
2017-11-22,15:55:00,314.9925,315.42,314.16,315.31,112426,0
2017-11-22,16:00:00,315.32,316.17,315,315.6,81821,0
2017-11-22,16:05:00,315.5,315.75,314.4,314.66,93920,0
2017-11-22,16:10:00,314.6559,315.2043,314.26,314.76,62216,0
2017-11-22,16:15:00,314.751,314.96,313.61,313.79,99940,0
2017-11-22,16:20:00,313.73,313.78,312.79,312.84,150736,0
2017-11-22,16:25:00,312.8101,313.97,312.47,313.917,115371,0
2017-11-22,16:30:00,313.8937,313.98,313.1901,313.6775,55362,0
2017-11-22,16:35:00,313.7499,314.5,313.3,313.51,99891,0
2017-11-22,16:40:00,313.55,313.9,313.11,313.6025,40887,0
2017-11-22,16:45:00,313.55,314.3899,313.55,313.9996,54781,0
2017-11-22,16:50:00,313.9201,313.987,313.356,313.3699,38980,0
2017-11-22,16:55:00,313.42,313.6383,313.21,313.34,44399,0
2017-11-22,17:00:00,313.3,314.14,313.26,313.73,49004,0
2017-11-22,17:05:00,313.66,314.698,313.588,314.2708,79451,0
2017-11-22,17:10:00,314.33,314.91,314.32,314.42,54725,0
2017-11-22,17:15:00,314.41,315.08,314.37,314.7199,63811,0
2017-11-22,17:20:00,314.71,314.71,314.26,314.5371,32239,0
2017-11-22,17:25:00,314.5888,314.95,314.29,314.8001,38249,0
2017-11-22,17:30:00,314.765,314.95,314.43,314.67,34623,0
2017-11-22,17:35:00,314.6576,314.73,313.95,313.9852,29538,0
2017-11-22,17:40:00,313.9,314.17,313.81,313.9625,34968,0
2017-11-22,17:45:00,313.9469,314.075,312.87,312.87,82260,0
2017-11-22,17:50:00,313,313.5327,312.87,313.3367,35004,0
2017-11-22,17:55:00,313.38,313.55,312.6177,312.681,60017,0
2017-11-22,18:00:00,312.67,313.39,312.5,312.5,77389,0
2017-11-22,18:05:00,312.5297,312.635,312.1391,312.5642,68106,0
2017-11-22,18:10:00,312.5766,312.83,312.36,312.6925,48862,0
2017-11-22,18:15:00,312.63,313.1295,312.63,312.82,46393,0
2017-11-22,18:20:00,312.8754,313.02,312.31,312.31,26299,0
2017-11-22,18:25:00,312.3447,312.83,312.17,312.64,38762,0
2017-11-22,18:30:00,312.6072,312.6699,312.29,312.6349,20111,0
2017-11-22,18:35:00,312.6156,312.71,312.4,312.62,13925,0
2017-11-22,18:40:00,312.675,312.7624,312.31,312.65,20985,0
2017-11-22,18:45:00,312.65,313.13,312.57,313.07,31313,0
2017-11-22,18:50:00,313.02,313.07,312.6,312.615,26573,0
2017-11-22,18:55:00,312.66,313.09,312.61,312.88,24631,0
2017-11-22,19:00:00,312.9243,313.52,312.9212,313.4436,49583,0
2017-11-22,19:05:00,313.4999,313.53,313.26,313.401,50606,0
2017-11-22,19:10:00,313.386,313.9,313.35,313.61,43069,0
2017-11-22,19:15:00,313.6728,313.79,313.14,313.3862,31354,0
2017-11-22,19:20:00,313.4197,313.478,312.84,312.95,45099,0
2017-11-22,19:25:00,312.9922,313.54,312.9862,313.3528,30172,0
2017-11-22,19:30:00,313.3567,313.69,313.19,313.3072,31493,0
2017-11-22,19:35:00,313.38,313.7,313.38,313.52,17510,0
2017-11-22,19:40:00,313.49,313.5078,313,313.0569,35245,0
2017-11-22,19:45:00,313.01,313.2,312.76,312.9615,36045,0
2017-11-22,19:50:00,312.9488,313.22,312.9,313.1838,18526,0
2017-11-22,19:55:00,313.25,313.31,312.8,312.86,19246,0
2017-11-22,20:00:00,312.821,313.102,312.821,312.9,15742,0
2017-11-22,20:05:00,312.81,312.9999,312.5,312.896,26057,0
2017-11-22,20:10:00,312.8925,312.8925,312.48,312.5672,23929,0
2017-11-22,20:15:00,312.6,313.08,312.51,313.074,32958,0
2017-11-22,20:20:00,313.075,313.15,312.98,313.07,16613,0
2017-11-22,20:25:00,313.0784,313.59,313.07,313.552,42379,0
2017-11-22,20:30:00,313.58,313.68,313.2375,313.2817,30581,0
2017-11-22,20:35:00,313.31,313.39,312.85,312.8503,30347,0
2017-11-22,20:40:00,312.85,313.1752,312.75,313.1081,23606,0
2017-11-22,20:45:00,313.14,313.6962,313.05,313.6,40882,0
2017-11-22,20:50:00,313.5983,313.64,313.17,313.345,16037,0
2017-11-22,20:55:00,313.4,313.42,312.82,313.01,37166,0
2017-11-22,21:00:00,313,313.2,312.89,312.9925,30059,0
2017-11-22,21:05:00,313.04,313.3,313,313.0621,20786,0
2017-11-22,21:10:00,313.095,313.2507,312.6771,312.6771,25718,0
2017-11-22,21:15:00,312.7599,313.11,312.6175,313.1045,21322,0
2017-11-22,21:20:00,313.1,313.21,312.9,313.18,13806,0
2017-11-22,21:25:00,313.1437,313.2,312.91,312.9897,17284,0
2017-11-22,21:30:00,312.91,313.0517,312.75,313.012,30868,0
2017-11-22,21:35:00,312.97,313.0426,312.78,312.95,30085,0
2017-11-22,21:40:00,312.91,313.05,312.78,312.9,25413,0
2017-11-22,21:45:00,312.91,312.91,312.1,312.1538,94023,0
2017-11-22,21:50:00,312.18,312.58,312.01,312.5495,67042,0
2017-11-22,21:55:00,312.58,312.7599,312.07,312.0875,71190,0
2017-11-22,22:00:00,312.12,312.81,311.84,312.6,217211,0
2017-11-24,15:35:00,313.79,313.8,311.8,312.01,115784,0
2017-11-24,15:40:00,312.07,312.7092,312,312.45,50601,0
2017-11-24,15:45:00,312.64,312.64,311.64,312.1699,62039,0
2017-11-24,15:50:00,312.0921,312.3699,311,311.85,107524,0
2017-11-24,15:55:00,311.84,313.73,311.83,313.31,89991,0
2017-11-24,16:00:00,313.2,314.42,312.86,313.325,129921,0
2017-11-24,16:05:00,313.39,313.89,312.8,313.27,75982,0
2017-11-24,16:10:00,313.25,313.4,312.87,313.08,37974,0
2017-11-24,16:15:00,313.165,313.66,312.93,313.659,52653,0
2017-11-24,16:20:00,313.516,314.36,313.5,313.94,83083,0
2017-11-24,16:25:00,313.84,314.41,313.59,314.31,52087,0
2017-11-24,16:30:00,314.1797,315.15,313.97,315.07,102286,0
2017-11-24,16:35:00,314.97,315,314.35,314.63,51283,0
2017-11-24,16:40:00,314.5755,315.11,314.508,314.94,50624,0
2017-11-24,16:45:00,314.96,315.03,314.54,314.7188,64507,0
2017-11-24,16:50:00,314.705,315.4,314.64,315.3438,80660,0
2017-11-24,16:55:00,315.338,315.5,314.331,314.8706,75024,0
2017-11-24,17:00:00,314.8647,315.18,314.38,314.4468,46534,0
2017-11-24,17:05:00,314.4393,314.96,314.33,314.33,24252,0
2017-11-24,17:10:00,314.4402,314.47,313.7875,314.22,45204,0
2017-11-24,17:15:00,314.355,314.68,313.7002,313.8821,41904,0
2017-11-24,17:20:00,313.71,314.27,313.71,314.03,25958,0
2017-11-24,17:25:00,314.1999,314.62,313.92,313.98,43267,0
2017-11-24,17:30:00,314.04,314.5178,314,314.2,29286,0
2017-11-24,17:35:00,314.245,314.4,314.15,314.29,15437,0
2017-11-24,17:40:00,314.27,314.78,314.27,314.5772,32939,0
2017-11-24,17:45:00,314.63,314.97,314.63,314.785,56925,0
2017-11-24,17:50:00,314.79,315.1499,314.6897,314.8067,50734,0
2017-11-24,17:55:00,314.83,315.15,314.68,314.865,44961,0
2017-11-24,18:00:00,314.9,315.07,314.45,314.5,42606,0
2017-11-24,18:05:00,314.45,314.94,314.4,314.83,28471,0
2017-11-24,18:10:00,314.69,314.98,314.39,314.45,31573,0
2017-11-24,18:15:00,314.52,314.61,314.07,314.08,36356,0
2017-11-24,18:20:00,314.06,314.38,313.82,314.3128,40579,0
2017-11-24,18:25:00,314.339,314.42,314.03,314.415,25318,0
2017-11-24,18:30:00,314.26,314.59,314.23,314.43,21452,0
2017-11-24,18:35:00,314.4699,315.12,314.4101,315.07,52817,0
2017-11-24,18:40:00,314.9857,315.27,314.94,315.21,50107,0
2017-11-24,18:45:00,315.21,315.4,314.87,315.07,97770,0
2017-11-24,18:50:00,315.1064,315.5,314.9,315.13,65192,0
2017-11-24,18:55:00,315.21,316.3,315.17,316.22,157039,0
2017-11-24,19:00:00,316.23,316.41,315.15,315.56,142858,0
2017-11-24,19:05:00,315.49,315.55,315.4,315.55,88996,0
2017-11-27,15:35:00,313.25,313.43,309.76,310.16,320771,0
2017-11-27,15:40:00,310.488,310.99,309.51,310.41,161791,0
2017-11-27,15:45:00,310.4065,312.43,310.08,311.78,161480,0
2017-11-27,15:50:00,311.805,311.8999,310.64,311.2612,103773,0
2017-11-27,15:55:00,311.29,311.659,311.28,311.3725,44576,0
2017-11-27,16:00:00,311.3,312.11,311.3,311.5561,68660,0
2017-11-27,16:05:00,311.66,311.9,310.84,311.39,47054,0
2017-11-27,16:10:00,311.3,311.77,310.92,311.268,55221,0
2017-11-27,16:15:00,311.21,312.58,311.05,312.4157,65608,0
2017-11-27,16:20:00,312.4,314.18,312.4,314.06,144367,0
2017-11-27,16:25:00,314.104,314.1544,313.5,313.63,64917,0
2017-11-27,16:30:00,313.6215,314.63,313.54,314.06,88673,0
2017-11-27,16:35:00,314.15,314.74,314,314.5859,56403,0
2017-11-27,16:40:00,314.6,315.21,314.5,315.077,103221,0
2017-11-27,16:45:00,315.12,315.12,314.52,314.7,97404,0
2017-11-27,16:50:00,314.6541,314.75,313.75,313.79,44779,0
2017-11-27,16:55:00,313.7997,314.2552,313.57,313.6838,34234,0
2017-11-27,17:00:00,313.76,314.29,313.7233,314.1453,10393,0
2017-11-27,17:05:00,314.12,314.5303,313.83,314.387,31467,0
2017-11-27,17:10:00,314.3,314.64,314.26,314.48,23790,0
2017-11-27,17:15:00,314.51,314.65,313.88,314.115,32209,0
2017-11-27,17:20:00,314.0575,314.3774,313.94,314.23,17085,0
2017-11-27,17:25:00,314.215,314.25,313.16,313.25,52270,0
2017-11-27,17:30:00,313.25,313.3,312.62,313.08,62541,0
2017-11-27,17:35:00,313.14,313.5893,313.14,313.285,28539,0
2017-11-27,17:40:00,313.3,313.4167,312.52,312.863,30565,0
2017-11-27,17:45:00,312.8856,313.0062,312.5921,312.9,23056,0
2017-11-27,17:50:00,312.9105,313.9,312.91,313.9,29863,0
2017-11-27,17:55:00,313.84,314.05,313.3753,313.485,20389,0
2017-11-27,18:00:00,313.48,313.53,313.11,313.142,22807,0
2017-11-27,18:05:00,313.22,313.89,313,313.77,23220,0
2017-11-27,18:10:00,313.7547,313.7688,313.36,313.36,15623,0
2017-11-27,18:15:00,313.414,313.68,313.35,313.5573,16343,0
2017-11-27,18:20:00,313.71,313.71,313.17,313.255,21796,0
2017-11-27,18:25:00,313.2164,313.7,313.191,313.7,6532,0
2017-11-27,18:30:00,313.739,314.16,313.59,314.07,20661,0
2017-11-27,18:35:00,314.0279,314.15,313.86,313.91,22885,0
2017-11-27,18:40:00,314,314.0396,313.36,313.5,26595,0
2017-11-27,18:45:00,313.4584,313.62,313.38,313.59,14025,0
2017-11-27,18:50:00,313.59,313.7,313.503,313.58,11859,0
2017-11-27,18:55:00,313.66,313.71,313.345,313.4203,13666,0
2017-11-27,19:00:00,313.41,313.76,313.32,313.7149,15550,0
2017-11-27,19:05:00,313.715,314.3,313.715,314.3,29063,0
2017-11-27,19:10:00,314.3367,314.76,314.28,314.76,33735,0
2017-11-27,19:15:00,314.77,314.9,314.191,314.26,18874,0
2017-11-27,19:20:00,314.19,314.5,314.0584,314.12,18287,0
2017-11-27,19:25:00,314.13,314.6,314.128,314.42,13308,0
2017-11-27,19:30:00,314.5486,314.63,314.32,314.51,9914,0
2017-11-27,19:35:00,314.5304,314.75,314.46,314.5918,10294,0
2017-11-27,19:40:00,314.66,315.02,314.465,314.67,29130,0
2017-11-27,19:45:00,314.7,314.81,314.49,314.81,13726,0
2017-11-27,19:50:00,314.8162,315.07,314.56,315.004,26998,0
2017-11-27,19:55:00,315.04,315.99,315.03,315.83,82315,0
2017-11-27,20:00:00,315.798,316.32,315.798,316.205,72366,0
2017-11-27,20:05:00,316.14,316.28,315.623,315.6453,31340,0
2017-11-27,20:10:00,315.6208,316,315.62,315.7949,20927,0
2017-11-27,20:15:00,315.7678,315.86,315.5517,315.66,9114,0
2017-11-27,20:20:00,315.73,315.73,315.3001,315.5092,21349,0
2017-11-27,20:25:00,315.4978,315.64,315.0852,315.2478,23178,0
2017-11-27,20:30:00,315.22,315.6967,315.01,315.5001,31334,0
2017-11-27,20:35:00,315.56,316.19,315.29,316.19,58556,0
2017-11-27,20:40:00,316.2,316.28,315.78,315.87,27841,0
2017-11-27,20:45:00,315.871,315.871,315.3,315.33,15933,0
2017-11-27,20:50:00,315.3321,315.4,315.08,315.1876,38816,0
2017-11-27,20:55:00,315.23,315.23,314.6028,314.84,33615,0
2017-11-27,21:00:00,314.9,315.28,314.7301,315.13,36212,0
2017-11-27,21:05:00,315.11,315.12,314.71,314.87,24174,0
2017-11-27,21:10:00,314.83,314.88,314.5366,314.845,23825,0
2017-11-27,21:15:00,314.8677,314.98,314.5721,314.9664,22771,0
2017-11-27,21:20:00,314.96,315.09,314.74,314.91,20836,0
2017-11-27,21:25:00,314.93,315.17,314.88,315.04,22363,0
2017-11-27,21:30:00,315.09,315.4599,315.01,315.2147,23849,0
2017-11-27,21:35:00,315.27,315.79,315.27,315.79,38312,0
2017-11-27,21:40:00,315.7869,315.9,315.58,315.8599,35070,0
2017-11-27,21:45:00,315.8014,317.34,315.8008,317.1886,152991,0
2017-11-27,21:50:00,317.26,317.34,316.3303,316.5415,92551,0
2017-11-27,21:55:00,316.57,317.31,316.57,317.005,84084,0
2017-11-27,22:00:00,316.92,317.25,316.63,316.81,182840,0
2017-11-28,15:35:00,316.36,317.64,315,316.775,156077,0
2017-11-28,15:40:00,316.93,317.2,315.861,316.25,85244,0
2017-11-28,15:45:00,316.3928,316.74,315.4,316.25,84710,0
2017-11-28,15:50:00,316.235,316.45,314.7,314.7499,110752,0
2017-11-28,15:55:00,314.65,315.1397,313.92,314.745,101751,0
2017-11-28,16:00:00,314.78,315.7,314.725,315.1,72634,0
2017-11-28,16:05:00,315.08,315.5233,314.77,315.1401,66358,0
2017-11-28,16:10:00,315.3405,316.13,315.17,315.995,53323,0
2017-11-28,16:15:00,316.08,316.3799,315.13,315.49,53438,0
2017-11-28,16:20:00,315.43,315.72,314.82,315.68,48236,0
2017-11-28,16:25:00,315.71,316.1673,315.49,315.825,53502,0
2017-11-28,16:30:00,315.8,316.6,315.8,316.29,35674,0
2017-11-28,16:35:00,316.285,316.74,316.2,316.6512,27898,0
2017-11-28,16:40:00,316.62,316.88,316.0471,316.8022,33913,0
2017-11-28,16:45:00,316.835,316.9,316.4212,316.83,40952,0
2017-11-28,16:50:00,316.9,317.0192,316.34,316.685,44246,0
2017-11-28,16:55:00,316.685,316.94,316.685,316.89,26573,0
2017-11-28,17:00:00,316.81,316.91,316.141,316.9025,55631,0
2017-11-28,17:05:00,316.89,317.22,316.5301,317.0354,79128,0
2017-11-28,17:10:00,317.09,317.63,316.83,317.34,55402,0
2017-11-28,17:15:00,317.34,317.81,317.11,317.2251,53685,0
2017-11-28,17:20:00,317.2166,317.528,316.62,316.79,42474,0
2017-11-28,17:25:00,316.81,318.1,316.73,318.1,67859,0
2017-11-28,17:30:00,318.12,318.64,317.9022,318.58,95141,0
2017-11-28,17:35:00,318.58,318.88,318.1635,318.1635,69114,0
2017-11-28,17:40:00,318.21,319.55,318.16,318.99,119380,0
2017-11-28,17:45:00,318.9797,319.29,318.71,319.0544,60764,0
2017-11-28,17:50:00,319.075,320,318.98,319.894,127678,0
2017-11-28,17:55:00,319.88,320,319.12,319.6561,83251,0
2017-11-28,18:00:00,319.65,319.65,318.9001,319.25,36392,0
2017-11-28,18:05:00,319.19,319.19,318.79,319.04,35326,0
2017-11-28,18:10:00,319.1,319.6,319.1,319.3917,28265,0
2017-11-28,18:15:00,319.4133,319.6226,319.07,319.3103,34638,0
2017-11-28,18:20:00,319.342,319.41,318.6176,318.8686,33901,0
2017-11-28,18:25:00,318.99,319.09,318.2908,318.3782,74533,0
2017-11-28,18:30:00,318.38,319.44,318.3748,318.83,41652,0
2017-11-28,18:35:00,318.77,319.36,318.77,319.082,12529,0
2017-11-28,18:40:00,319.05,319.05,318.1,318.36,41385,0
2017-11-28,18:45:00,318.36,318.8599,318.26,318.62,24752,0
2017-11-28,18:50:00,318.575,318.7725,318.25,318.39,15355,0
2017-11-28,18:55:00,318.4323,318.729,318.3,318.645,12997,0
2017-11-28,19:00:00,318.64,318.68,318.371,318.535,11805,0
2017-11-28,19:05:00,318.6,319.14,318.5836,319.08,26364,0
2017-11-28,19:10:00,319.075,319.15,318.775,319.05,18150,0
2017-11-28,19:15:00,319.0395,319.32,318.85,319.225,39383,0
2017-11-28,19:20:00,319.27,319.33,319.05,319.13,27305,0
2017-11-28,19:25:00,319.1725,319.2766,318.7,318.96,48609,0
2017-11-28,19:30:00,318.97,319.15,318.53,318.995,67918,0
2017-11-28,19:35:00,318.93,319.06,318.22,318.5236,39879,0
2017-11-28,19:40:00,318.42,318.47,317.82,318.0756,56598,0
2017-11-28,19:45:00,317.97,318.56,317.97,318.5147,22219,0
2017-11-28,19:50:00,318.56,318.56,318.06,318.27,30796,0
2017-11-28,19:55:00,318.295,318.49,317.85,318.05,49896,0
2017-11-28,20:00:00,318.1199,318.32,317.2,317.235,67480,0
2017-11-28,20:05:00,317.28,317.28,316.19,316.5,69121,0
2017-11-28,20:10:00,316.52,317.67,316.0801,317.365,131424,0
2017-11-28,20:15:00,317.36,317.98,317.36,317.83,32336,0
2017-11-28,20:20:00,317.815,317.9,317.5,317.7097,21972,0
2017-11-28,20:25:00,317.71,318.54,317.7,318.54,37027,0
2017-11-28,20:30:00,318.4795,318.86,318.36,318.6268,37301,0
2017-11-28,20:35:00,318.57,318.97,318.36,318.8847,41121,0
2017-11-28,20:40:00,318.885,319.3,318.885,319.2378,53798,0
2017-11-28,20:45:00,319.18,319.26,318.77,319.06,20145,0
2017-11-28,20:50:00,319.02,319.2377,318.81,318.9,25276,0
2017-11-28,20:55:00,318.84,319.09,318.41,319.09,43006,0
2017-11-28,21:00:00,319.0962,319.0962,318.4,318.64,17175,0
2017-11-28,21:05:00,318.64,318.73,318.07,318.4353,22677,0
2017-11-28,21:10:00,318.38,318.4,317.83,317.91,24884,0
2017-11-28,21:15:00,317.97,318.33,317.94,318.06,14945,0
2017-11-28,21:20:00,318.04,318.3,317.8473,318.1853,21237,0
2017-11-28,21:25:00,318.22,318.48,317.2101,317.2832,41474,0
2017-11-28,21:30:00,317.32,317.59,317.2,317.2032,34378,0
2017-11-28,21:35:00,317.2432,318.13,317.2,317.64,42548,0
2017-11-28,21:40:00,317.6827,317.9415,317.13,317.81,35450,0
2017-11-28,21:45:00,317.79,318.19,317.64,317.73,38832,0
2017-11-28,21:50:00,317.78,318.08,317.67,317.951,32708,0
2017-11-28,21:55:00,317.98,317.98,317.51,317.83,37117,0
2017-11-28,22:00:00,317.73,317.83,317.32,317.61,110227,0
2017-11-29,15:35:00,317.3,318,316.1,316.4272,131396,0
2017-11-29,15:40:00,316.54,316.86,314.65,315.11,127063,0
2017-11-29,15:45:00,315.08,316.05,315.02,315.4822,80721,0
2017-11-29,15:50:00,315.53,315.72,314.205,314.71,85585,0
2017-11-29,15:55:00,314.65,314.7449,313.05,313.17,155913,0
2017-11-29,16:00:00,313.18,313.48,312.1,312.13,128139,0
2017-11-29,16:05:00,312.31,312.36,309.89,310.6577,246981,0
2017-11-29,16:10:00,310.6216,312.51,310.49,312.5,138615,0
2017-11-29,16:15:00,312.505,312.85,311.07,311.07,93446,0
2017-11-29,16:20:00,311.1697,311.1697,309.5,309.696,149944,0
2017-11-29,16:25:00,309.5429,309.9899,308.1,308.14,183695,0
2017-11-29,16:30:00,308.14,308.7713,307.43,308.61,206495,0
2017-11-29,16:35:00,308.73,309.37,307.6,308.4,135032,0
2017-11-29,16:40:00,308.33,309.84,308.145,309.44,137950,0
2017-11-29,16:45:00,309.45,310.75,309.01,309.7153,101047,0
2017-11-29,16:50:00,309.6337,309.74,308,308.46,75813,0
2017-11-29,16:55:00,308.44,308.63,306.7,306.74,155605,0
2017-11-29,17:00:00,307,307.78,306.1001,306.8,120563,0
2017-11-29,17:05:00,306.86,306.86,305,306.22,198710,0
2017-11-29,17:10:00,306.2871,306.99,305.6201,305.97,78690,0
2017-11-29,17:15:00,305.9555,307.57,305.35,307.29,102925,0
2017-11-29,17:20:00,307.25,307.89,306.75,307.3568,79071,0
2017-11-29,17:25:00,307.34,307.5,305.01,305.17,111099,0
2017-11-29,17:30:00,305.17,305.64,304.36,304.85,105973,0
2017-11-29,17:35:00,304.84,305.37,303.6,303.91,100363,0
2017-11-29,17:40:00,303.87,305.6,303.82,304.8,141669,0
2017-11-29,17:45:00,304.8392,304.8392,303.4868,304.18,109462,0
2017-11-29,17:50:00,304.275,304.44,303,303.11,96398,0
2017-11-29,17:55:00,303.03,303.81,301.23,302.01,190986,0
2017-11-29,18:00:00,301.89,302.55,301.44,301.5125,111727,0
2017-11-29,18:05:00,301.65,302.92,301.41,302.296,162537,0
2017-11-29,18:10:00,302.2,303.76,301.72,303.76,155283,0
2017-11-29,18:15:00,303.49,304.8897,303.49,304,103780,0
2017-11-29,18:20:00,304.0999,305.2992,303.93,305.29,66751,0
2017-11-29,18:25:00,305.215,305.94,304.6633,305.0407,92322,0
2017-11-29,18:30:00,305.16,305.46,304.29,305.19,45474,0
2017-11-29,18:35:00,305.33,306.736,305.01,306.15,73380,0
2017-11-29,18:40:00,306.2102,307.44,306.2102,307.335,77736,0
2017-11-29,18:45:00,307.3,307.3,306.41,306.5,57535,0
2017-11-29,18:50:00,306.59,307.12,306.02,306.975,61118,0
2017-11-29,18:55:00,307.07,307.36,306.04,306.04,59777,0
2017-11-29,19:00:00,306,306.7,305.7275,306.25,59634,0
2017-11-29,19:05:00,306.24,306.91,306.177,306.89,42977,0
2017-11-29,19:10:00,306.97,307.69,306.5,306.69,57961,0
2017-11-29,19:15:00,306.715,307.83,306.68,307.4,42381,0
2017-11-29,19:20:00,307.4897,308.1,307.398,307.95,50948,0
2017-11-29,19:25:00,307.97,309.03,307.97,308.5712,90282,0
2017-11-29,19:30:00,308.5868,308.9395,308.0475,308.41,40894,0
2017-11-29,19:35:00,308.51,308.72,307.75,308.13,37784,0
2017-11-29,19:40:00,308.42,308.55,307.5,307.5,43314,0
2017-11-29,19:45:00,307.63,307.8,306.9001,307.8,75519,0
2017-11-29,19:50:00,307.8,307.8,307.34,307.6,43977,0
2017-11-29,19:55:00,307.62,307.75,307.06,307.34,58265,0
2017-11-29,20:00:00,307.325,307.939,307.0401,307.6006,53315,0
2017-11-29,20:05:00,307.7,308.21,307.5,307.92,45012,0
2017-11-29,20:10:00,308,308.05,307.51,307.7822,22572,0
2017-11-29,20:15:00,307.76,308.079,307.67,307.73,27326,0
2017-11-29,20:20:00,307.86,307.88,307.385,307.7,38316,0
2017-11-29,20:25:00,307.71,308,307.51,307.71,29805,0
2017-11-29,20:30:00,307.71,307.72,306.82,307.28,65090,0
2017-11-29,20:35:00,307.31,307.46,306.91,307.17,40601,0
2017-11-29,20:40:00,307.2076,307.4064,306.94,307.26,31546,0
2017-11-29,20:45:00,307.32,307.91,307.18,307.2132,35795,0
2017-11-29,20:50:00,307.13,307.4272,306.81,307.15,27958,0
2017-11-29,20:55:00,307.19,307.515,307.09,307.37,19394,0
2017-11-29,21:00:00,307.3895,307.77,306.865,307.09,29733,0
2017-11-29,21:05:00,307.08,307.49,307.08,307.22,21373,0
2017-11-29,21:10:00,307.11,307.51,307.11,307.16,19101,0
2017-11-29,21:15:00,307.16,307.32,307.09,307.14,32345,0
2017-11-29,21:20:00,307.15,307.5226,307.06,307.3201,45184,0
2017-11-29,21:25:00,307.48,307.84,307.32,307.6096,31922,0
2017-11-29,21:30:00,307.67,307.96,307.425,307.53,44062,0
2017-11-29,21:35:00,307.5496,308.25,307.3,308.2054,73694,0
2017-11-29,21:40:00,308.13,308.1572,307.14,307.43,70155,0
2017-11-29,21:45:00,307.3417,307.64,307.21,307.21,65824,0
2017-11-29,21:50:00,307.255,307.65,307.255,307.61,46409,0
2017-11-29,21:55:00,307.54,307.748,307.08,307.6,99724,0
2017-11-29,22:00:00,307.6,308.2,307.495,307.54,192392,0
2017-11-30,15:35:00,308.56,309,305,308.18,184093,0
2017-11-30,15:40:00,308.06,308.1343,304.9,306.1413,125573,0
2017-11-30,15:45:00,306.07,306.99,304.7012,306.7,102187,0
2017-11-30,15:50:00,306.81,307.03,305.531,306.48,60256,0
2017-11-30,15:55:00,306.2948,306.4699,304.54,305.3,117994,0
2017-11-30,16:00:00,305.3,306.84,305.0301,305.91,75503,0
2017-11-30,16:05:00,305.7,308.1,305.7,307.94,95837,0
2017-11-30,16:10:00,307.64,308.67,307.22,308.03,77502,0
2017-11-30,16:15:00,308.08,308.44,307.36,308.07,64958,0
2017-11-30,16:20:00,308.1972,309.75,307.659,309.4014,97159,0
2017-11-30,16:25:00,309.39,310.67,309.36,310.12,116867,0
2017-11-30,16:30:00,310.09,310.3358,309.3657,310.135,84328,0
2017-11-30,16:35:00,310.145,310.7,309.83,309.98,48847,0
2017-11-30,16:40:00,310,310.4305,309.52,309.65,63244,0
2017-11-30,16:45:00,309.6408,309.9,308.81,309.41,63210,0
2017-11-30,16:50:00,309.39,310,309.22,309.565,25211,0
2017-11-30,16:55:00,309.6299,309.6299,308.17,308.54,63261,0
2017-11-30,17:00:00,308.5,308.95,308.3053,308.8,37436,0
2017-11-30,17:05:00,308.85,309.76,308.74,309.3943,44516,0
2017-11-30,17:10:00,309.3798,309.41,308.6,308.6,17636,0
2017-11-30,17:15:00,308.6,308.66,307.26,308.58,62914,0
2017-11-30,17:20:00,308.71,309.21,308.5,308.8,36003,0
2017-11-30,17:25:00,308.77,309.14,308.47,309.0568,33129,0
2017-11-30,17:30:00,309.0792,309.14,308.1,308.1824,32115,0
2017-11-30,17:35:00,308.11,308.42,307.61,307.91,48305,0
2017-11-30,17:40:00,307.87,308.42,307.4,307.79,27871,0
2017-11-30,17:45:00,307.9399,308.3038,307.05,307.19,40920,0
2017-11-30,17:50:00,307.23,307.33,306.509,307.1497,44923,0
2017-11-30,17:55:00,307.22,307.56,307.04,307.34,22233,0
2017-11-30,18:00:00,307.33,307.8,307.25,307.5,45026,0
2017-11-30,18:05:00,307.69,307.69,307.1101,307.2091,14582,0
2017-11-30,18:10:00,307.215,307.52,306.7815,307.06,47558,0
2017-11-30,18:15:00,307.0825,307.53,306.845,306.97,27153,0
2017-11-30,18:20:00,306.945,307.2678,306.7654,306.8947,25518,0
2017-11-30,18:25:00,306.8,307.3,306.8,307.3,20310,0
2017-11-30,18:30:00,307.33,307.7599,307.08,307.74,26933,0
2017-11-30,18:35:00,307.5401,307.9599,307.42,307.89,29193,0
2017-11-30,18:40:00,307.82,308.0699,307.5,307.8,30490,0
2017-11-30,18:45:00,307.93,307.94,307.63,307.84,7006,0
2017-11-30,18:50:00,307.79,308,307.225,307.24,18327,0
2017-11-30,18:55:00,307.335,307.41,306.91,306.9101,32976,0
2017-11-30,19:00:00,307.015,307.4,306.5501,307.4,42014,0
2017-11-30,19:05:00,307.36,307.63,306.905,307.202,27037,0
2017-11-30,19:10:00,307.2,307.34,306.975,307.2028,16659,0
2017-11-30,19:15:00,307.16,307.34,306.9,307.11,24017,0
2017-11-30,19:20:00,307.1125,307.18,306.67,306.9125,41409,0
2017-11-30,19:25:00,306.8866,307.27,306.75,306.835,20973,0
2017-11-30,19:30:00,306.835,307.18,306.83,307.02,25711,0
2017-11-30,19:35:00,307.01,307.37,306.77,307.28,26878,0
2017-11-30,19:40:00,307.39,307.65,306.97,307.12,38463,0
2017-11-30,19:45:00,307.19,307.21,306.71,306.82,15507,0
2017-11-30,19:50:00,306.805,307.55,306.67,307.4221,16071,0
2017-11-30,19:55:00,307.47,307.6,307.07,307.6,9107,0
2017-11-30,20:00:00,307.53,307.82,307.22,307.59,16473,0
2017-11-30,20:05:00,307.82,308.33,307.725,308.1329,27244,0
2017-11-30,20:10:00,308.03,308.3,307.9019,308.2376,23861,0
2017-11-30,20:15:00,308.3051,308.45,308.05,308.095,17607,0
2017-11-30,20:20:00,308.02,308.33,308,308.23,22357,0
2017-11-30,20:25:00,308.1639,308.5999,308.13,308.27,27360,0
2017-11-30,20:30:00,308.4,308.47,308.11,308.21,23565,0
2017-11-30,20:35:00,308.2128,308.91,308.2128,308.76,19222,0
2017-11-30,20:40:00,308.77,308.95,308.59,308.74,11841,0
2017-11-30,20:45:00,308.7,308.93,308.46,308.53,16996,0
2017-11-30,20:50:00,308.52,308.87,308.33,308.87,6114,0
2017-11-30,20:55:00,308.7,308.91,308.56,308.625,8931,0
2017-11-30,21:00:00,308.59,308.72,308.22,308.35,23459,0
2017-11-30,21:05:00,308.44,308.605,308.2,308.32,20270,0
2017-11-30,21:10:00,308.26,308.29,307.75,307.7978,25835,0
2017-11-30,21:15:00,307.7201,308.48,307.72,308.3694,27274,0
2017-11-30,21:20:00,308.42,308.51,308.04,308.07,16029,0
2017-11-30,21:25:00,308.15,308.66,308.06,308.181,15560,0
2017-11-30,21:30:00,308.19,308.65,308.18,308.521,29103,0
2017-11-30,21:35:00,308.55,308.59,308.07,308.335,26659,0
2017-11-30,21:40:00,308.31,308.54,308.09,308.43,27265,0
2017-11-30,21:45:00,308.475,309.29,308.47,308.53,89419,0
2017-11-30,21:50:00,308.555,309.6999,308.325,309.686,87274,0
2017-11-30,21:55:00,309.7,309.75,308.5501,308.8614,95577,0
2017-11-30,22:00:00,308.84,309.32,308.17,308.95,139604,0
2017-12-01,15:35:00,305.44,307.65,305.05,306.254,143396,0
2017-12-01,15:40:00,306.22,307.12,305.59,306,74095,0
2017-12-01,15:45:00,305.95,306.51,305.12,305.33,105801,0
2017-12-01,15:50:00,305.5,306.8,305.4,306.6153,79776,0
2017-12-01,15:55:00,306.71,307.01,305.83,306.235,72620,0
2017-12-01,16:00:00,306.235,306.78,306.01,306.54,89514,0
2017-12-01,16:05:00,306.4,307.37,306.33,307.0488,83577,0
2017-12-01,16:10:00,307.0233,307.14,306.25,306.4593,63470,0
2017-12-01,16:15:00,306.47,306.8,306.2,306.6361,47528,0
2017-12-01,16:20:00,306.75,309.68,306.55,309.02,113748,0
2017-12-01,16:25:00,308.821,309.5,308.2968,308.71,59192,0
2017-12-01,16:30:00,308.69,309.13,308.34,308.91,45865,0
2017-12-01,16:35:00,308.865,309.7,308.53,309.2779,56570,0
2017-12-01,16:40:00,309.2644,310.32,309.16,309.52,110657,0
2017-12-01,16:45:00,309.51,310,308.83,309.3425,65261,0
2017-12-01,16:50:00,309.2758,309.45,308.2,308.8665,72943,0
2017-12-01,16:55:00,308.9,309.42,308.75,309.12,28065,0
2017-12-01,17:00:00,309.0625,309.2575,308.58,309.025,41023,0
2017-12-01,17:05:00,309.06,309.06,308.3335,308.51,22152,0
2017-12-01,17:10:00,308.64,308.64,307,307.18,47506,0
2017-12-01,17:15:00,307.58,307.82,306.21,307.58,76541,0
2017-12-01,17:20:00,307.5241,307.75,306.94,307.32,40175,0
2017-12-01,17:25:00,307.3,307.3,306.27,306.52,44805,0
2017-12-01,17:30:00,306.6177,306.9,306,306.28,107330,0
2017-12-01,17:35:00,306.32,307.39,305.5,306.6461,120092,0
2017-12-01,17:40:00,306.6621,307.72,305.8,307.5297,77458,0
2017-12-01,17:45:00,307.4934,307.87,306.3301,306.6345,46390,0
2017-12-01,17:50:00,306.6,306.95,306.5,306.7277,41834,0
2017-12-01,17:55:00,306.5,307.43,306.1457,307.1201,52819,0
2017-12-01,18:00:00,307.44,307.72,306.73,307.15,33839,0
2017-12-01,18:05:00,307.6,307.85,306.7,307.5,27540,0
2017-12-01,18:10:00,307.5,307.88,307,307.5022,47941,0
2017-12-01,18:15:00,307.53,307.71,306.38,306.4,27800,0
2017-12-01,18:20:00,306.7,307.65,306.4,306.7847,41780,0
2017-12-01,18:25:00,306.94,307,306.36,306.74,22516,0
2017-12-01,18:30:00,306.64,306.9,306.2,306.7,24642,0
2017-12-01,18:35:00,306.49,306.61,306.25,306.44,53751,0
2017-12-01,18:40:00,306.49,306.96,306.25,306.5088,20416,0
2017-12-01,18:45:00,306.5,307.62,306.35,307.62,24742,0
2017-12-01,18:50:00,307.42,307.95,307.16,307.7,32951,0
2017-12-01,18:55:00,307.705,308,307.12,307.13,27330,0
2017-12-01,19:00:00,307.34,307.88,307.24,307.8088,10223,0
2017-12-01,19:05:00,307.795,307.9,307.4,307.6476,11858,0
2017-12-01,19:10:00,307.63,307.7,306.82,306.82,18351,0
2017-12-01,19:15:00,306.91,307.75,306.91,307.3934,15047,0
2017-12-01,19:20:00,307.46,307.46,307,307.13,10127,0
2017-12-01,19:25:00,307.39,307.39,306.81,307.0628,17915,0
2017-12-01,19:30:00,306.933,307.15,306.73,306.96,15549,0
2017-12-01,19:35:00,307.01,307.5,306.42,307.2645,38863,0
2017-12-01,19:40:00,307.28,307.45,306.975,307.285,9699,0
2017-12-01,19:45:00,307.24,307.489,306.81,306.99,13589,0
2017-12-01,19:50:00,306.985,307.05,306.5,306.675,18861,0
2017-12-01,19:55:00,306.65,306.73,306.4101,306.431,13808,0
2017-12-01,20:00:00,306.5,307.11,306.495,306.68,14825,0
2017-12-01,20:05:00,306.68,307.06,306.5,306.68,10538,0
2017-12-01,20:10:00,306.53,306.74,306.45,306.74,9764,0
2017-12-01,20:15:00,306.87,307.09,306.71,307.08,10089,0
2017-12-01,20:20:00,306.91,307.12,306.82,307.05,8287,0
2017-12-01,20:25:00,307.0392,307.05,306.76,306.827,12992,0
2017-12-01,20:30:00,306.85,306.89,306.47,306.6053,23695,0
2017-12-01,20:35:00,306.68,306.84,306.59,306.685,13404,0
2017-12-01,20:40:00,306.6902,306.89,306.38,306.8259,15240,0
2017-12-01,20:45:00,306.825,306.825,306.31,306.42,12462,0
2017-12-01,20:50:00,306.48,306.7199,306.3301,306.65,13901,0
2017-12-01,20:55:00,306.6709,306.73,306.465,306.5,7344,0
2017-12-01,21:00:00,306.52,306.84,306.475,306.8,14654,0
2017-12-01,21:05:00,306.7,306.91,306.4,306.79,21186,0
2017-12-01,21:10:00,306.8,307.44,306.8,307.3855,30047,0
2017-12-01,21:15:00,307.385,307.39,307.07,307.2089,9504,0
2017-12-01,21:20:00,307.22,307.92,307.22,307.92,49464,0
2017-12-01,21:25:00,307.93,308.35,307.78,308.05,94618,0
2017-12-01,21:30:00,307.95,308.03,307.26,307.345,27954,0
2017-12-01,21:35:00,307.27,307.48,306.95,307.08,35740,0
2017-12-01,21:40:00,307.11,307.3278,306.44,306.6925,47707,0
2017-12-01,21:45:00,306.7,307.17,306.48,307.075,52637,0
2017-12-01,21:50:00,307.1399,307.14,306.41,306.64,69110,0
2017-12-01,21:55:00,306.67,306.95,306.495,306.752,55937,0
2017-12-01,22:00:00,306.8,306.8747,306.4,306.53,143601,0
2017-12-04,15:35:00,306.5,307.65,305.595,306.224,271099,0
2017-12-04,15:40:00,306.175,306.34,304.6,305.24,174123,0
2017-12-04,15:45:00,305.42,306.52,305.1375,305.93,130730,0
2017-12-04,15:50:00,305.83,306.13,305.3102,305.61,96206,0
2017-12-04,15:55:00,305.79,308.265,305.7,307.68,177269,0
2017-12-04,16:00:00,307.7777,307.9495,306.615,306.805,97203,0
2017-12-04,16:05:00,306.835,306.96,306.2,306.3725,126190,0
2017-12-04,16:10:00,306.36,306.365,304.31,304.7724,182064,0
2017-12-04,16:15:00,304.82,305,303.6,304.81,140121,0
2017-12-04,16:20:00,304.84,305,303.8,304.68,104053,0
2017-12-04,16:25:00,304.545,305.3799,304.2,305.0799,91239,0
2017-12-04,16:30:00,304.95,305.07,301.8,302.02,165352,0
2017-12-04,16:35:00,302.01,302.6555,300.61,301.0146,199869,0
2017-12-04,16:40:00,301.14,302.87,301.08,302.43,104381,0
2017-12-04,16:45:00,302.47,302.59,302.01,302.34,65483,0
2017-12-04,16:50:00,302.27,303.5,302,302.5825,102149,0
2017-12-04,16:55:00,302.7,302.82,301.9,302.0007,84948,0
2017-12-04,17:00:00,301.9792,302.78,301.5,302.4,97836,0
2017-12-04,17:05:00,302.38,304.09,302.301,303.81,95524,0
2017-12-04,17:10:00,303.81,304.72,303.72,304.2508,85900,0
2017-12-04,17:15:00,304.07,304.63,303.52,304,43115,0
2017-12-04,17:20:00,304.035,305.4,303.91,305.0234,64744,0
2017-12-04,17:25:00,305,305.6,304.8,304.985,62256,0
2017-12-04,17:30:00,305,305.34,304.25,304.48,21436,0
2017-12-04,17:35:00,304.34,304.5147,303.89,304.2013,17410,0
2017-12-04,17:40:00,304.12,304.64,303.7191,304.64,52588,0
2017-12-04,17:45:00,304.43,304.53,303.53,303.99,27304,0
2017-12-04,17:50:00,303.92,303.92,303.385,303.63,26690,0
2017-12-04,17:55:00,303.725,303.95,303.32,303.71,30497,0
2017-12-04,18:00:00,303.79,304.48,303.72,303.88,28843,0
2017-12-04,18:05:00,304,304.24,303.8,304,22032,0
2017-12-04,18:10:00,303.99,304.31,303.96,303.96,11821,0
2017-12-04,18:15:00,304.16,304.53,304.11,304.37,29339,0
2017-12-04,18:20:00,304.4,304.53,303.71,303.8916,22918,0
2017-12-04,18:25:00,303.78,303.97,303.25,303.48,33868,0
2017-12-04,18:30:00,303.38,303.59,302.995,303.45,44705,0
2017-12-04,18:35:00,303.455,303.8199,303.2,303.74,26025,0
2017-12-04,18:40:00,303.67,304.3,303.67,304.21,36300,0
2017-12-04,18:45:00,304.14,304.49,304.08,304.375,26523,0
2017-12-04,18:50:00,304.2966,304.45,304,304.22,13380,0
2017-12-04,18:55:00,304.3,304.78,304.22,304.6,28250,0
2017-12-04,19:00:00,304.48,304.8284,304.48,304.6982,18323,0
2017-12-04,19:05:00,304.65,305.3595,304.621,305.239,31786,0
2017-12-04,19:10:00,305.24,305.6,305.14,305.43,46045,0
2017-12-04,19:15:00,305.47,305.6,305,305.23,50371,0
2017-12-04,19:20:00,305.29,305.29,304.95,305.01,16896,0
2017-12-04,19:25:00,305,305.25,304.85,305.1085,11346,0
2017-12-04,19:30:00,305.05,305.09,304.77,304.96,10852,0
2017-12-04,19:35:00,304.94,305.16,304.93,304.96,6386,0
2017-12-04,19:40:00,304.99,306.85,304.99,306.2575,57668,0
2017-12-04,19:45:00,306.27,307.44,306.0146,306.82,64656,0
2017-12-04,19:50:00,306.77,307.66,306.7,307.38,56270,0
2017-12-04,19:55:00,307.48,307.7,307.01,307.05,45392,0
2017-12-04,20:00:00,307.3,307.9,306.91,307.71,45493,0
2017-12-04,20:05:00,307.71,308.02,307.44,307.5718,50420,0
2017-12-04,20:10:00,307.5,307.8,307.05,307.1,39962,0
2017-12-04,20:15:00,307.21,307.38,306.84,307.08,30527,0
2017-12-04,20:20:00,307.3,307.34,306.78,306.78,29178,0
2017-12-04,20:25:00,306.79,306.97,306.23,306.5152,25110,0
2017-12-04,20:30:00,306.4711,306.8,306.13,306.8,32694,0
2017-12-04,20:35:00,306.705,306.705,305.9101,306.06,44144,0
2017-12-04,20:40:00,306.14,306.56,305.75,306.3,30178,0
2017-12-04,20:45:00,306.2776,306.5,306.01,306.1503,33654,0
2017-12-04,20:50:00,306.3,306.91,306.04,306.5,48374,0
2017-12-04,20:55:00,306.58,307.24,306.5,307.16,52971,0
2017-12-04,21:00:00,307.2,307.33,306.63,306.81,30324,0
2017-12-04,21:05:00,306.8323,306.8323,306.25,306.58,41049,0
2017-12-04,21:10:00,306.5,306.74,306.3,306.74,24994,0
2017-12-04,21:15:00,306.72,306.9,306.64,306.87,22941,0
2017-12-04,21:20:00,306.9,306.9,306.5316,306.65,12905,0
2017-12-04,21:25:00,306.52,306.9,306.52,306.75,15349,0
2017-12-04,21:30:00,306.72,307.12,306.62,306.81,41341,0
2017-12-04,21:35:00,306.69,306.93,306.4288,306.64,39513,0
2017-12-04,21:40:00,306.68,306.758,305.75,305.75,61697,0
2017-12-04,21:45:00,305.69,305.88,305.1128,305.1138,59707,0
2017-12-04,21:50:00,305.22,305.22,304.46,304.66,86768,0
2017-12-04,21:55:00,304.72,305.19,304.57,305.1083,91450,0
2017-12-04,22:00:00,305.06,305.48,304.88,305.2,153955,0
2017-12-05,15:35:00,302,302.92,301,302.575,287511,0
2017-12-05,15:40:00,302.76,304.6779,302.03,304,182922,0
2017-12-05,15:45:00,304.23,304.9636,303.55,304.23,107157,0
2017-12-05,15:50:00,304.38,304.54,303.5,304.26,92135,0
2017-12-05,15:55:00,304.28,304.32,303.44,304.3,43338,0
2017-12-05,16:00:00,304.165,306.57,303.71,305.8004,169024,0
2017-12-05,16:05:00,305.61,307.99,305.45,306.7,142598,0
2017-12-05,16:10:00,306.81,307.429,306.32,306.8,55045,0
2017-12-05,16:15:00,307,307.43,306.351,306.68,40598,0
2017-12-05,16:20:00,306.67,307.29,306.32,306.99,73389,0
2017-12-05,16:25:00,306.8763,306.95,305.66,306,52619,0
2017-12-05,16:30:00,306.17,306.84,305.592,305.7398,33337,0
2017-12-05,16:35:00,305.67,306.2899,305.52,305.91,13074,0
2017-12-05,16:40:00,306.25,306.4,305.85,306.06,22047,0
2017-12-05,16:45:00,306.02,306.52,305.87,306.41,12851,0
2017-12-05,16:50:00,306.3,306.94,306.01,306.82,47136,0
2017-12-05,16:55:00,306.792,307.37,306.22,306.9201,41842,0
2017-12-05,17:00:00,307.1,307.705,307.04,307.585,42158,0
2017-12-05,17:05:00,307.7,308,307.1248,307.4997,70064,0
2017-12-05,17:10:00,307.6,307.6,306.2101,306.6,80990,0
2017-12-05,17:15:00,306.6,307.3,306.6,306.826,32053,0
2017-12-05,17:20:00,306.88,307.27,306.64,306.9424,18255,0
2017-12-05,17:25:00,306.92,307.2,306.6901,306.88,24511,0
2017-12-05,17:30:00,306.8237,307,306.261,306.7834,27050,0
2017-12-05,17:35:00,306.756,306.94,306.0116,306.33,28318,0
2017-12-05,17:40:00,306.13,306.13,305.41,305.5086,35462,0
2017-12-05,17:45:00,305.43,305.999,305.4,305.42,26496,0
2017-12-05,17:50:00,305.4836,306.21,305.3,306.09,25326,0
2017-12-05,17:55:00,306.12,306.15,305.53,305.7,14762,0
2017-12-05,18:00:00,305.6254,305.6254,304.67,304.92,42804,0
2017-12-05,18:05:00,304.875,304.976,304.18,304.48,35169,0
2017-12-05,18:10:00,304.355,305.033,304.355,304.7916,16038,0
2017-12-05,18:15:00,304.865,305.409,304.8,304.95,12480,0
2017-12-05,18:20:00,305.065,305.2499,304.41,305.05,24647,0
2017-12-05,18:25:00,305.045,305.15,304.696,305,13775,0
2017-12-05,18:30:00,304.8001,305.5336,304.8001,305.255,11103,0
2017-12-05,18:35:00,305.21,305.75,305.1505,305.55,12913,0
2017-12-05,18:40:00,305.5854,306.3,305.5,306.1555,34035,0
2017-12-05,18:45:00,306.1583,306.59,305.9,306.49,42053,0
2017-12-05,18:50:00,306.59,306.7,305.8,306.065,24819,0
2017-12-05,18:55:00,306.1599,306.365,305.9,306.05,23313,0
2017-12-05,19:00:00,306.165,306.39,305.31,305.5523,16529,0
2017-12-05,19:05:00,305.55,305.9,305.24,305.58,17029,0
2017-12-05,19:10:00,305.59,305.679,305.21,305.42,10502,0
2017-12-05,19:15:00,305.5,305.66,305.27,305.3442,11510,0
2017-12-05,19:20:00,305.3428,305.6201,304.87,305.5867,27286,0
2017-12-05,19:25:00,305.69,306.2,305.43,305.43,27486,0
2017-12-05,19:30:00,305.59,306,305.38,305.85,12380,0
2017-12-05,19:35:00,305.723,305.723,305.3027,305.41,8092,0
2017-12-05,19:40:00,305.3,305.8,305.2905,305.36,13748,0
2017-12-05,19:45:00,305.44,305.7183,305.2,305.63,6849,0
2017-12-05,19:50:00,305.67,305.9899,305.5,305.8716,15382,0
2017-12-05,19:55:00,305.88,306.2,305.79,305.79,14196,0
2017-12-05,20:00:00,305.74,306.03,305.465,305.7767,15107,0
2017-12-05,20:05:00,305.88,305.94,305.63,305.7736,4023,0
2017-12-05,20:10:00,305.66,306.13,305.57,306.0589,8486,0
2017-12-05,20:15:00,306.02,306.48,305.96,306,17813,0
2017-12-05,20:20:00,306.01,306.105,305.7,305.99,12088,0
2017-12-05,20:25:00,305.93,306.03,305.23,305.71,29714,0
2017-12-05,20:30:00,305.7073,305.88,305.03,305.3147,30880,0
2017-12-05,20:35:00,305.3056,305.3056,304.6,304.86,40494,0
2017-12-05,20:40:00,304.825,305,304.5,304.5,26155,0
2017-12-05,20:45:00,304.508,305.08,304.47,304.68,20954,0
2017-12-05,20:50:00,304.7222,304.7222,303.97,304.18,36192,0
2017-12-05,20:55:00,304.02,304.3447,303.855,304.14,44086,0
2017-12-05,21:00:00,304.08,304.44,303.56,304.3783,54113,0
2017-12-05,21:05:00,304.32,304.74,304.02,304.48,28321,0
2017-12-05,21:10:00,304.48,304.69,304.1,304.15,16580,0
2017-12-05,21:15:00,304.1155,304.56,303.98,304.24,27240,0
2017-12-05,21:20:00,304.3543,304.3543,303.75,304.25,26532,0
2017-12-05,21:25:00,304.1833,304.44,304,304.27,14433,0
2017-12-05,21:30:00,304.2933,304.3,303.95,303.95,21449,0
2017-12-05,21:35:00,303.9,304.17,303.85,304.0588,38740,0
2017-12-05,21:40:00,303.93,304.09,303.81,303.92,29215,0
2017-12-05,21:45:00,303.895,304.15,303.77,303.965,30049,0
2017-12-05,21:50:00,303.92,303.92,302.99,303.39,132467,0
2017-12-05,21:55:00,303.28,303.28,302.9,303.12,64849,0
2017-12-05,22:00:00,303.15,303.89,303.15,303.7,531474,0
2017-12-06,15:35:00,300.1,305,300,304.51,411515,0
2017-12-06,15:40:00,304.625,304.88,303.24,304.75,60493,0
2017-12-06,15:45:00,304.62,305.99,303.9006,304.4076,123446,0
2017-12-06,15:50:00,304.48,304.485,302.5,303.62,78704,0
2017-12-06,15:55:00,303.6248,303.82,302.75,303.56,77905,0
2017-12-06,16:00:00,303.6078,304.46,303.6078,303.88,65146,0
2017-12-06,16:05:00,303.6101,304.5,303.51,303.7933,58161,0
2017-12-06,16:10:00,303.71,304.39,303.5,303.7901,38181,0
2017-12-06,16:15:00,303.89,303.9,303.3,303.53,44348,0
2017-12-06,16:20:00,303.72,303.89,303.21,303.71,31925,0
2017-12-06,16:25:00,303.6752,304.08,303.47,303.7416,32918,0
2017-12-06,16:30:00,303.81,304.3122,303.677,304.1,34828,0
2017-12-06,16:35:00,304.14,304.2322,303,303.185,114002,0
2017-12-06,16:40:00,303.25,303.549,302.85,302.95,56203,0
2017-12-06,16:45:00,303.069,303.59,302.9,303.38,36467,0
2017-12-06,16:50:00,303.295,304.341,303.21,304.341,60822,0
2017-12-06,16:55:00,304.3232,304.39,303.78,303.9577,33799,0
2017-12-06,17:00:00,303.95,304.85,303.7208,304.727,71030,0
2017-12-06,17:05:00,304.7325,304.84,304.02,304.4,39872,0
2017-12-06,17:10:00,304.33,304.58,304.1,304.55,17628,0
2017-12-06,17:15:00,304.45,304.92,304.4,304.92,16521,0
2017-12-06,17:20:00,305.13,305.13,304.33,304.6,24186,0
2017-12-06,17:25:00,304.71,305.29,304.61,304.9201,35501,0
2017-12-06,17:30:00,304.93,306.31,304.83,305.95,122602,0
2017-12-06,17:35:00,305.95,306.95,305.7801,306.8486,71583,0
2017-12-06,17:40:00,306.8807,307.91,306.83,307.38,186794,0
2017-12-06,17:45:00,307.5,308.65,307.4745,308.55,112194,0
2017-12-06,17:50:00,308.6,309.5,308.43,308.6809,140472,0
2017-12-06,17:55:00,308.645,308.79,307.89,308.1568,81899,0
2017-12-06,18:00:00,308.239,308.239,307.17,307.8956,56159,0
2017-12-06,18:05:00,307.91,308.23,307.51,307.78,47824,0
2017-12-06,18:10:00,307.73,308.36,307.72,308.1,27024,0
2017-12-06,18:15:00,308.1655,308.9441,308.04,308.47,45801,0
2017-12-06,18:20:00,308.4,308.4663,307.75,307.854,34870,0
2017-12-06,18:25:00,307.74,307.98,307.27,307.7,37741,0
2017-12-06,18:30:00,307.81,307.875,307.32,307.382,28222,0
2017-12-06,18:35:00,307.34,307.68,306.83,307.68,33987,0
2017-12-06,18:40:00,307.615,308,307.38,307.75,25523,0
2017-12-06,18:45:00,307.6942,308.1499,307.6,307.91,33680,0
2017-12-06,18:50:00,307.95,308.0631,307.4,307.92,26405,0
2017-12-06,18:55:00,307.91,308.13,307.56,307.805,17077,0
2017-12-06,19:00:00,307.73,307.83,307.388,307.65,11881,0
2017-12-06,19:05:00,307.7,307.7,307.012,307.02,26418,0
2017-12-06,19:10:00,307.11,307.28,306.9,307.18,21385,0
2017-12-06,19:15:00,307.15,307.7,306.9,307.31,20571,0
2017-12-06,19:20:00,307.28,307.75,307.28,307.63,23740,0
2017-12-06,19:25:00,307.66,308.41,307.6375,308.26,36195,0
2017-12-06,19:30:00,308.36,309.16,308.11,309,63800,0
2017-12-06,19:35:00,309,309.6571,308.91,309.5068,91660,0
2017-12-06,19:40:00,309.483,309.86,309.09,309.765,75920,0
2017-12-06,19:45:00,309.711,310.4,309.67,310.3325,136486,0
2017-12-06,19:50:00,310.33,311.21,310.3203,310.66,108322,0
2017-12-06,19:55:00,310.65,310.99,310.47,310.8862,68458,0
2017-12-06,20:00:00,310.92,311.5,310.4,310.92,67801,0
2017-12-06,20:05:00,310.8552,312.339,310.78,312.2201,137112,0
2017-12-06,20:10:00,312.3003,312.5,311.68,311.87,69980,0
2017-12-06,20:15:00,311.91,312.33,311.35,311.3501,47859,0
2017-12-06,20:20:00,311.42,312.2,311.29,312.09,72494,0
2017-12-06,20:25:00,312.02,312.079,311.5621,311.95,36895,0
2017-12-06,20:30:00,311.94,312.45,311.695,312.195,41020,0
2017-12-06,20:35:00,312.24,312.85,312.01,312.78,65210,0
2017-12-06,20:40:00,312.76,312.81,312.36,312.47,49410,0
2017-12-06,20:45:00,312.5199,313.05,312.41,312.41,72635,0
2017-12-06,20:50:00,312.4442,312.47,311.88,312.37,52989,0
2017-12-06,20:55:00,312.37,312.46,311.63,311.87,51063,0
2017-12-06,21:00:00,311.8748,312.2,311.69,311.975,44025,0
2017-12-06,21:05:00,311.998,312.01,311.3,311.3,36998,0
2017-12-06,21:10:00,311.3,311.9299,311.3,311.76,19586,0
2017-12-06,21:15:00,311.7816,312.23,311.6,312.1542,41619,0
2017-12-06,21:20:00,312.24,312.3005,311.7,312.07,40104,0
2017-12-06,21:25:00,311.96,312.1389,311.74,312.11,27891,0
2017-12-06,21:30:00,312.07,312.86,311.98,312.52,73765,0
2017-12-06,21:35:00,312.67,312.76,312.1501,312.43,53799,0
2017-12-06,21:40:00,312.5,312.99,312.33,312.62,80199,0
2017-12-06,21:45:00,312.68,313.1,312.3,312.99,92956,0
2017-12-06,21:50:00,312.995,313.17,312.6,312.755,87665,0
2017-12-06,21:55:00,312.72,313.18,312.1102,313.01,105281,0
2017-12-06,22:00:00,312.89,313.39,312.87,313.27,192239,0
